1   892.000 26760
2   892.000 26760
3   892.000 26760
4   892.000 26760
5   892.000 26760
6   892.000 26760
7   892.000 26760
8   892.000 26760
9   892.000 26760
10  892.000 26760
11  892.000 26760
12  892.000 26760
13  892.000 26760
14  892.000 26760
15  892.000 26760
16  892.000 26760
17  892.000 26760
18  892.000 26760
19  892.000 26760
20  892.000 26760
21  892.000 26760
22  892.000 26760
23  892.000 26760
24  892.230 26767
25  891.700 26751
26  892.000 26760
27  892.000 26760
28  892.000 26760
29  892.000 26760
30  892.000 26760
31  892.000 26760
32  892.000 26760
33  892.000 26760
34  892.000 26760
35  892.000 26760
36  892.000 26760
37  892.000 26760
38  892.000 26760
39  892.000 26760
40  892.000 26760
41  892.000 26760
42  892.000 26760
43  892.000 26760
44  892.000 26760
45  892.000 26760
46  892.000 26760
47  892.000 26760
48  892.000 26760
49  891.700 26751
50  892.000 26760
51  892.000 26760
52  892.000 26760
53  892.000 26760
54  891.970 26759
55  892.000 26760
56  892.000 26760
57  892.000 26760
58  892.000 26760
59  891.930 26758
60  892.000 26760
61  892.000 26760
62  892.000 26760
63  778.900 23367
64  892.000 26760
65  892.000 26760
66  892.000 26760
67  892.000 26760
68  892.000 26760
69  892.000 26760
70  892.000 26760
71  892.000 26760
72  892.000 26760
73  892.000 26760
74  892.000 26760
75  892.000 26760
76  892.000 26760
77  892.000 26760
78  892.000 26760
79  892.000 26760
80  892.000 26760
81  892.000 26760
82  892.000 26760
83  892.000 26760
84  892.000 26760
85  892.000 26760
86  892.000 26760
87  892.000 26760
88  892.000 26760
89  892.000 26760
90  892.000 26760
91  892.000 26760
92  892.000 26760
93  892.000 26760
94  892.000 26760
95  892.000 26760
96  892.000 26760
97  892.000 26760
98  892.000 26760
99  892.000 26760
100 892.000 26760