1 (85.53333333333333, 1.0, 25.53333333333333)
1 (66.63333333333334, 1.0, 6.63333333333334)
32 (751.3333333333333, 12.0, 31.333333333333258)
32 (751.3, 12.0, 31.299999999999955)
35 (271.7, 4.0, 31.69999999999999)
35 (271.7, 4.0, 31.69999999999999)
46 (114.56666666666668, 1.0, 54.56666666666668)
46 (114.63333333333334, 1.0, 54.63333333333334)
64 (506.09999999999997, 8.0, 26.099999999999966)
64 (506.06666666666666, 8.0, 26.066666666666663)
68 (155.13333333333333, 2.0, 35.133333333333326)
68 (155.26666666666665, 2.0, 35.26666666666665)
82 (82.33333333333333, 1.0, 22.33333333333333)
82 (82.46666666666667, 1.0, 22.46666666666667)
