1 1 902
1 2 904
1 3 906
1 4 908
1 5 910
1 6 912
1 7 914
1 8 916
1 9 918
1 10 920
1 11 922
1 12 924
1 13 926
1 14 928
1 15 930
1 16 932
1 17 934
1 18 936
1 19 938
1 20 940
1 21 942
1 22 944
1 23 946
1 24 948
1 25 950
1 26 952
1 27 954
1 28 956
1 29 958
1 30 960
1 31 962
1 32 964
1 33 966
1 34 968
1 35 970
1 36 972
1 37 975
1 38 977
1 39 979
1 40 981
1 41 983
1 42 985
1 43 987
1 44 989
1 45 991
1 46 993
1 47 995
1 48 997
1 49 999
1 50 1007
1 51 1009
1 52 1011
1 53 1013
1 54 1015
1 55 1017
1 56 1019
1 57 1021
1 58 1023
1 59 1029
1 60 1031
1 61 1033
1 62 1035
1 63 1038
1 64 1040
1 65 1042
1 66 1044
1 67 1046
1 68 1048
1 69 1050
1 70 1052
1 71 1054
1 72 1056
1 73 1058
1 74 1060
1 75 1062
1 76 1064
1 77 1066
1 78 1068
1 79 1070
1 80 1072
1 81 1074
1 82 1076
1 83 1078
1 84 1080
1 85 1082
1 86 1084
1 87 1087
1 88 1089
1 89 1091
1 90 1093
1 91 1095
1 92 1097
1 93 1099
1 94 1101
1 95 1103
1 96 1105
1 97 1107
1 98 1109
1 99 1111
1 100 1113
1 101 1115
1 102 1117
1 103 1119
1 104 1121
1 105 1123
1 106 1125
1 107 1127
1 108 1129
1 109 1131
1 110 1133
1 111 1135
1 112 1137
1 113 1139
1 114 1141
1 115 1143
1 116 1145
1 117 1147
1 118 1149
1 119 1151
1 120 1153
1 121 1155
1 122 1157
1 123 1159
1 124 1161
1 125 1163
1 126 1165
1 127 1167
1 128 1169
1 129 1171
1 130 1173
1 131 1175
1 132 1177
1 133 1180
1 134 1182
1 135 1187
1 136 1189
1 137 1191
1 138 1193
1 139 1195
1 140 1197
1 141 1199
1 142 1201
1 143 1203
1 144 1205
1 145 1208
1 146 1210
1 147 1212
1 148 1214
1 149 1216
1 150 1218
1 151 1220
1 152 1222
1 153 1224
1 154 1226
1 155 1228
1 156 1230
1 157 1232
1 158 1234
1 159 1236
1 160 1238
1 161 1240
1 162 1242
1 163 1244
1 164 1246
1 165 1248
1 166 1250
1 167 1252
1 168 1254
1 169 1256
1 170 1258
1 171 1260
1 172 1262
1 173 1264
1 174 1266
1 175 1268
1 176 1270
1 177 1272
1 178 1274
1 179 1276
1 180 1278
1 181 1280
1 182 1282
1 183 1284
1 184 1286
1 185 1288
1 186 1290
1 187 1292
1 188 1294
1 189 1296
1 190 1298
1 191 1300
1 192 1302
1 193 1305
1 194 1307
1 195 1309
1 196 1311
1 197 1313
1 198 1315
1 199 1317
1 200 1319
1 201 1321
1 202 1323
1 203 1325
1 204 1327
1 205 1329
1 206 1331
1 207 1333
1 208 1335
1 209 1337
1 210 1339
1 211 1341
1 212 1343
1 213 1345
1 214 1347
1 215 1349
1 216 1351
1 217 1353
1 218 1355
1 219 1357
1 220 1359
1 221 1361
1 222 1363
1 223 1365
1 224 1367
1 225 1369
1 226 1371
1 227 1373
1 228 1375
1 229 1377
1 230 1379
1 231 1381
1 232 1383
1 233 1385
1 234 1387
1 235 1389
1 236 1391
1 237 1393
1 238 1395
1 239 1397
1 240 1399
1 241 1401
1 242 1403
1 243 1405
1 244 1407
1 245 1409
1 246 1411
1 247 1413
1 248 1415
1 249 1417
1 250 1420
1 251 1422
1 252 1423
1 253 1426
1 254 1428
1 255 1430
1 256 1432
1 257 1434
1 258 1436
1 259 1438
1 260 1440
1 261 1442
1 262 1444
1 263 1446
1 264 1448
1 265 1450
1 266 1452
1 267 1454
1 268 1456
1 269 1458
1 270 1460
1 271 1462
1 272 1464
1 273 1466
1 274 1468
1 275 1470
1 276 1472
1 277 1474
1 278 1476
1 279 1478
1 280 1480
1 281 1482
1 282 1484
1 283 1486
1 284 1488
1 285 1490
1 286 1492
1 287 1494
1 288 1496
1 289 1498
1 290 1500
1 291 1502
1 292 1504
1 293 1506
1 294 1508
1 295 1510
1 296 1512
1 297 1514
1 298 1516
1 299 1518
1 300 1520
1 301 1522
1 302 1524
1 303 1526
1 304 1528
1 305 1530
1 306 1532
1 307 1534
1 308 1536
1 309 1538
1 310 1540
1 311 1542
1 312 1544
1 313 1546
1 314 1548
1 315 1550
1 316 1552
1 317 1554
1 318 1556
1 319 1558
1 320 1561
1 321 1563
1 322 1565
1 323 1567
1 324 1569
1 325 1571
1 326 1573
1 327 1575
1 328 1577
1 329 1579
1 330 1581
1 331 1583
1 332 1585
1 333 1587
1 334 1589
1 335 1591
1 336 1593
1 337 1595
1 338 1597
1 339 1599
1 340 1601
1 341 1603
1 342 1605
1 343 1611
1 344 1613
1 345 1615
1 346 1617
1 347 1619
1 348 1621
1 349 1623
1 350 1625
1 351 1627
1 352 1629
1 353 1631
1 354 1633
1 355 1635
1 356 1637
1 357 1639
1 358 1641
1 359 1643
1 360 1645
1 361 1647
1 362 1649
1 363 1651
1 364 1653
1 365 1655
1 366 1657
1 367 1666
1 368 1668
1 369 1670
1 370 1672
1 371 1674
1 372 1676
1 373 1678
1 374 1680
1 375 1682
1 376 1684
1 377 1686
1 378 1688
1 379 1690
1 380 1692
1 381 1694
1 382 1696
1 383 1698
1 384 1700
1 385 1702
1 386 1704
1 387 1706
1 388 1708
1 389 1710
1 390 1712
1 391 1714
1 392 1716
1 393 1718
1 394 1720
1 395 1722
1 396 1724
1 397 1726
1 398 1728
1 399 1730
1 400 1732
1 401 1734
1 402 1736
1 403 1738
1 404 1740
1 405 1742
1 406 1744
1 407 1746
1 408 1748
1 409 1751
1 410 1753
1 411 1755
1 412 1757
1 413 1759
1 414 1761
1 415 1763
1 416 1765
1 417 1767
1 418 1769
1 419 1771
1 420 1773
1 421 1775
1 422 1777
1 423 1779
1 424 1781
1 425 1783
1 426 1785
1 427 1787
1 428 1789
1 429 1791
1 430 1793
1 431 1795
1 432 1797
1 433 1799
1 434 1801
1 435 1803
1 436 1805
1 437 1807
1 438 1809
1 439 1811
1 440 1813
1 441 1815
1 442 1818
1 443 1820
1 444 1822
1 445 1824
1 446 1826
1 447 1828
1 448 1830
1 449 1832
1 450 1834
1 451 1836
1 452 1838
1 453 1840
1 454 1846
1 455 1848
1 456 1850
1 457 1852
1 458 1854
1 459 1856
1 460 1858
1 461 1860
1 462 1862
1 463 1864
1 464 1866
1 465 1868
1 466 1870
1 467 1872
1 468 1874
1 469 1876
1 470 1878
1 471 1880
1 472 1882
1 473 1884
1 474 1886
1 475 1888
1 476 1890
1 477 1892
1 478 1894
1 479 1896
1 480 1898
1 481 1900
1 482 1902
1 483 1904
1 484 1906
1 485 1908
1 486 1910
1 487 1912
1 488 1914
1 489 1916
1 490 1919
1 491 1921
1 492 1923
1 493 1925
1 494 1927
1 495 1929
1 496 1931
1 497 1933
1 498 1935
1 499 1937
1 500 1939
1 501 1941
1 502 1943
1 503 1945
1 504 1947
1 505 1949
1 506 1951
1 507 1953
1 508 1955
1 509 1957
1 510 1959
1 511 1961
1 512 1963
1 513 1965
1 514 1967
1 515 1969
1 516 1971
1 517 1973
1 518 1975
1 519 1977
1 520 1979
1 521 1981
1 522 1983
1 523 1985
1 524 1987
1 525 1989
1 526 1991
1 527 1999
1 528 2000
1 529 2064
1 530 2066
1 531 2068
1 532 2070
1 533 2072
1 534 2074
1 535 2076
1 536 2078
1 537 2080
1 538 2082
1 539 2084
1 540 2086
1 541 2088
1 542 2090
1 543 2092
1 544 2094
1 545 2096
1 546 2098
1 547 2100
1 548 2103
1 549 2105
1 550 2107
1 551 2109
1 552 2111
1 553 2113
1 554 2115
1 555 2117
1 556 2119
1 557 2121
1 558 2123
1 559 2125
1 560 2127
1 561 2129
1 562 2131
1 563 2133
1 564 2135
1 565 2137
1 566 2139
1 567 2141
1 568 2143
1 569 2145
1 570 2147
1 571 2149
1 572 2151
1 573 2153
1 574 2157
1 575 2159
1 576 2161
1 577 2163
1 578 2166
1 579 2168
1 580 2170
1 581 2172
1 582 2174
1 583 2176
1 584 2178
1 585 2180
1 586 2182
1 587 2184
1 588 2186
1 589 2188
1 590 2190
1 591 2192
1 592 2194
1 593 2196
1 594 2198
1 595 2200
1 596 2202
1 597 2204
1 598 2206
1 599 2208
1 600 2210
1 601 2212
1 602 2214
1 603 2216
1 604 2218
1 605 2220
1 606 2222
1 607 2224
1 608 2226
1 609 2228
1 610 2230
1 611 2232
1 612 2234
1 613 2236
1 614 2238
1 615 2240
1 616 2242
1 617 2244
1 618 2246
1 619 2248
1 620 2250
1 621 2252
1 622 2254
1 623 2256
1 624 2258
1 625 2260
1 626 2262
1 627 2264
1 628 2266
1 629 2268
1 630 2270
1 631 2272
1 632 2274
1 633 2276
1 634 2278
1 635 2280
1 636 2282
1 637 2284
1 638 2286
1 639 2289
1 640 2291
1 641 2293
1 642 2295
1 643 2297
1 644 2299
1 645 2301
1 646 2303
1 647 2305
1 648 2307
1 649 2309
1 650 2311
1 651 2313
1 652 2315
1 653 2317
1 654 2319
1 655 2321
1 656 2323
1 657 2325
1 658 2327
1 659 2329
1 660 2331
1 661 2333
1 662 2335
1 663 2337
1 664 2339
1 665 2341
1 666 2343
1 667 2345
1 668 2347
1 669 2351
1 670 2353
1 671 2356
1 672 2361
1 673 2363
1 674 2366
1 675 2368
1 676 2370
1 677 2372
1 678 2374
1 679 2376
1 680 2378
1 681 2380
1 682 2382
1 683 2384
1 684 2386
1 685 2388
1 686 2390
1 687 2392
1 688 2394
1 689 2396
1 690 2398
1 691 2400
1 692 2402
1 693 2404
1 694 2406
1 695 2408
1 696 2410
1 697 2412
1 698 2414
1 699 2416
1 700 2418
1 701 2421
1 702 2423
1 703 2425
1 704 2427
1 705 2429
1 706 2431
1 707 2433
1 708 2435
1 709 2437
1 710 2439
1 711 2441
1 712 2443
1 713 2445
1 714 2447
1 715 2449
1 716 2451
1 717 2453
1 718 2455
1 719 2457
1 720 2459
1 721 2461
1 722 2463
1 723 2465
1 724 2467
1 725 2469
1 726 2471
1 727 2473
1 728 2475
1 729 2477
1 730 2479
1 731 2481
1 732 2483
1 733 2485
1 734 2487
1 735 2489
1 736 2491
1 737 2493
1 738 2495
1 739 2497
1 740 2499
1 741 2500
1 742 2501
1 743 2503
1 744 2506
1 745 2508
1 746 2510
1 747 2512
1 748 2514
1 749 2516
1 750 2518
1 751 2520
1 752 2522
1 753 2524
1 754 2526
1 755 2528
1 756 2530
1 757 2532
1 758 2534
1 759 2536
1 760 2538
1 761 2540
1 762 2542
1 763 2544
1 764 2546
1 765 2548
1 766 2550
1 767 2552
1 768 2554
1 769 2556
1 770 2558
1 771 2560
1 772 2562
1 773 2564
1 774 2566
1 775 2568
1 776 2570
1 777 2573
1 778 2575
1 779 2577
1 780 2579
1 781 2581
1 782 2583
1 783 2585
1 784 2587
1 785 2589
1 786 2591
1 787 2593
1 788 2595
1 789 2597
1 790 2599
1 791 2601
1 792 2603
1 793 2605
1 794 2607
1 795 2609
1 796 2611
1 797 2613
1 798 2615
1 799 2617
1 800 2619
1 801 2621
1 802 2623
1 803 2625
1 804 2627
1 805 2629
1 806 2631
1 807 2633
1 808 2635
1 809 2637
1 810 2639
1 811 2641
1 812 2643
1 813 2645
1 814 2647
1 815 2649
1 816 2651
1 817 2653
1 818 2655
1 819 2657
1 820 2659
1 821 2662
1 822 2664
1 823 2666
1 824 2668
1 825 2670
1 826 2672
1 827 2674
1 828 2676
1 829 2678
1 830 2680
1 831 2682
1 832 2684
1 833 2686
1 834 2688
1 835 2690
1 836 2692
1 837 2694
1 838 2696
1 839 2698
1 840 2700
1 841 2702
1 842 2704
1 843 2706
1 844 2708
1 845 2710
1 846 2712
1 847 2714
1 848 2716
1 849 2718
1 850 2720
1 851 2722
1 852 2724
1 853 2726
1 854 2728
1 855 2730
1 856 2732
1 857 2734
1 858 2737
1 859 2739
1 860 2741
1 861 2743
1 862 2747
1 863 2749
1 864 2750
1 865 2751
1 866 2753
1 867 2755
1 868 2757
1 869 2759
1 870 2761
1 871 2763
1 872 2765
1 873 2767
1 874 2769
1 875 2771
1 876 2773
1 877 2775
1 878 2777
1 879 2779
1 880 2781
1 881 2783
1 882 2785
1 883 2787
1 884 2789
1 885 2791
1 886 2793
1 887 2795
1 888 2797
1 889 2799
1 890 2802
1 891 2804
1 892 2806
1 893 2808
1 894 2810
1 895 2812
1 896 2814
1 897 2816
1 898 2818
1 899 2820
1 900 2822
1 901 2824
1 902 2826
1 903 2828
1 904 2830
1 905 2832
1 906 2834
1 907 2836
1 908 2838
1 909 2841
1 910 2843
1 911 2845
1 912 2847
1 913 2849
1 914 2851
1 915 2853
1 916 2855
1 917 2857
1 918 2859
1 919 2861
1 920 2863
1 921 2865
1 922 2867
1 923 2869
1 924 2871
1 925 2873
1 926 2875
1 927 2877
1 928 2879
1 929 2881
1 930 2883
1 931 2885
1 932 2887
1 933 2889
1 934 2891
1 935 2893
1 936 2895
1 937 2897
1 938 2899
1 939 2901
1 940 2903
1 941 2905
1 942 2907
1 943 2909
1 944 2911
1 945 2913
1 946 2915
1 947 2917
1 948 2919
1 949 2921
1 950 2923
1 951 2925
1 952 2927
1 953 2929
1 954 2931
1 955 2933
1 956 2935
1 957 2937
1 958 2939
1 959 2941
1 960 2943
1 961 2945
1 962 2947
1 963 2950
1 964 2952
1 965 2954
1 966 2956
1 967 2958
1 968 2960
1 969 2962
1 970 2964
1 971 2966
1 972 2968
1 973 2970
1 974 2972
1 975 2974
1 976 2976
1 977 2978
1 978 2980
1 979 2982
1 980 2984
1 981 2986
1 982 2988
1 983 2990
1 984 2992
1 985 2994
1 986 2996
1 987 2998
1 988 3000
32 1 22201
32 2 22202
32 3 22203
32 4 22204
32 5 22205
32 6 22206
32 7 22207
32 8 22208
32 9 22209
32 10 22210
32 11 22211
32 12 22212
32 13 22213
32 14 22214
32 15 22215
32 16 22216
32 17 22217
32 18 22218
32 19 22219
32 20 22220
32 21 22221
32 22 22222
32 23 22223
32 24 22224
32 25 22225
32 26 22227
32 27 22229
32 28 22230
32 29 22231
32 30 22232
32 31 22233
32 32 22234
32 33 22235
32 34 22236
32 35 22237
32 36 22238
32 37 22239
32 38 22240
32 39 22241
32 40 22242
32 41 22243
32 42 22244
32 43 22245
32 44 22246
32 45 22247
32 46 22248
32 47 22249
32 48 22250
32 49 22251
32 50 22252
32 51 22253
32 52 22254
32 53 22255
32 54 22256
32 55 22258
32 56 22260
32 57 22262
32 58 22263
32 59 22264
32 60 22265
32 61 22268
32 62 22270
32 63 22271
32 64 22272
32 65 22273
32 66 22274
32 67 22275
32 68 22276
32 69 22277
32 70 22278
32 71 22279
32 72 22280
32 73 22281
32 74 22282
32 75 22283
32 76 22284
32 77 22285
32 78 22286
32 79 22287
32 80 22288
32 81 22290
32 82 22295
32 83 22297
32 84 22299
32 85 22304
32 86 22307
32 87 22309
32 88 22310
32 89 22311
32 90 22312
32 91 22313
32 92 22314
32 93 22315
32 94 22316
32 95 22317
32 96 22318
32 97 22319
32 98 22320
32 99 22321
32 100 22326
32 101 22331
32 102 22334
32 103 22340
32 104 22344
32 105 22347
32 106 22349
32 107 22350
32 108 22351
32 109 22352
32 110 22353
32 111 22354
32 112 22355
32 113 22356
32 114 22357
32 115 22358
32 116 22359
32 117 22360
32 118 22361
32 119 22362
32 120 22363
32 121 22364
32 122 22365
32 123 22366
32 124 22367
32 125 22368
32 126 22369
32 127 22370
32 128 22371
32 129 22372
32 130 22373
32 131 22374
32 132 22375
32 133 22376
32 134 22377
32 135 22378
32 136 22379
32 137 22380
32 138 22381
32 139 22382
32 140 22383
32 141 22384
32 142 22385
32 143 22386
32 144 22387
32 145 22388
32 146 22389
32 147 22390
32 148 22391
32 149 22392
32 150 22393
32 151 22394
32 152 22395
32 153 22396
32 154 22397
32 155 22398
32 156 22399
32 157 22400
32 158 22401
32 159 22402
32 160 22403
32 161 22404
32 162 22405
32 163 22406
32 164 22407
32 165 22408
32 166 22409
32 167 22410
32 168 22411
32 169 22412
32 170 22413
32 171 22414
32 172 22415
32 173 22416
32 174 22417
32 175 22418
32 176 22419
32 177 22420
32 178 22421
32 179 22422
32 180 22423
32 181 22424
32 182 22425
32 183 22426
32 184 22427
32 185 22428
32 186 22429
32 187 22430
32 188 22431
32 189 22432
32 190 22433
32 191 22434
32 192 22435
32 193 22436
32 194 22437
32 195 22438
32 196 22439
32 197 22440
32 198 22441
32 199 22442
32 200 22443
32 201 22444
32 202 22445
32 203 22446
32 204 22447
32 205 22448
32 206 22449
32 207 22450
32 208 22451
32 209 22452
32 210 22453
32 211 22454
32 212 22455
32 213 22456
32 214 22457
32 215 22458
32 216 22459
32 217 22460
32 218 22461
32 219 22462
32 220 22463
32 221 22464
32 222 22465
32 223 22466
32 224 22467
32 225 22468
32 226 22469
32 227 22470
32 228 22471
32 229 22472
32 230 22473
32 231 22474
32 232 22475
32 233 22476
32 234 22477
32 235 22478
32 236 22479
32 237 22480
32 238 22482
32 239 22484
32 240 22485
32 241 22486
32 242 22487
32 243 22491
32 244 22493
32 245 22494
32 246 22495
32 247 22496
32 248 22497
32 249 22498
32 250 22499
32 251 22500
32 252 22502
32 253 22503
32 254 22504
32 255 22505
32 256 22506
32 257 22508
32 258 22512
32 259 22514
32 260 22516
32 261 22517
32 262 22518
32 263 22519
32 264 22522
32 265 22524
32 266 22525
32 267 22526
32 268 22527
32 269 22528
32 270 22529
32 271 22530
32 272 22531
32 273 22532
32 274 22533
32 275 22534
32 276 22535
32 277 22536
32 278 22537
32 279 22538
32 280 22539
32 281 22540
32 282 22546
32 283 22548
32 284 22550
32 285 22551
32 286 22556
32 287 22558
32 288 22560
32 289 22561
32 290 22562
32 291 22563
32 292 22564
32 293 22565
32 294 22566
32 295 22567
32 296 22568
32 297 22569
32 298 22570
32 299 22571
32 300 22572
32 301 22576
32 302 22580
32 303 22582
32 304 22584
32 305 22589
32 306 22591
32 307 22593
32 308 22594
32 309 22595
32 310 22596
32 311 22597
32 312 22598
32 313 22599
32 314 22600
32 315 22601
32 316 22602
32 317 22603
32 318 22604
32 319 22605
32 320 22606
32 321 22611
32 322 22616
32 323 22618
32 324 22624
32 325 22628
32 326 22630
32 327 22632
32 328 22633
32 329 22634
32 330 22635
32 331 22636
32 332 22637
32 333 22638
32 334 22639
32 335 22640
32 336 22641
32 337 22642
32 338 22643
32 339 22644
32 340 22650
32 341 22656
32 342 22662
32 343 22665
32 344 22668
32 345 22670
32 346 22671
32 347 22672
32 348 22673
32 349 22674
32 350 22675
32 351 22676
32 352 22677
32 353 22678
32 354 22679
32 355 22680
32 356 22681
32 357 22682
32 358 22683
32 359 22684
32 360 22685
32 361 22686
32 362 22687
32 363 22688
32 364 22689
32 365 22690
32 366 22691
32 367 22692
32 368 22693
32 369 22694
32 370 22695
32 371 22696
32 372 22697
32 373 22698
32 374 22699
32 375 22700
32 376 22701
32 377 22702
32 378 22703
32 379 22704
32 380 22705
32 381 22706
32 382 22707
32 383 22708
32 384 22709
32 385 22710
32 386 22711
32 387 22712
32 388 22713
32 389 22714
32 390 22715
32 391 22716
32 392 22717
32 393 22718
32 394 22719
32 395 22720
32 396 22721
32 397 22722
32 398 22723
32 399 22724
32 400 22725
32 401 22726
32 402 22727
32 403 22728
32 404 22731
32 405 22733
32 406 22734
32 407 22735
32 408 22736
32 409 22737
32 410 22738
32 411 22739
32 412 22740
32 413 22742
32 414 22743
32 415 22744
32 416 22745
32 417 22746
32 418 22747
32 419 22748
32 420 22749
32 421 22750
32 422 22751
32 423 22752
32 424 22753
32 425 22754
32 426 22755
32 427 22756
32 428 22757
32 429 22758
32 430 22759
32 431 22760
32 432 22761
32 433 22762
32 434 22765
32 435 22767
32 436 22769
32 437 22770
32 438 22775
32 439 22777
32 440 22779
32 441 22780
32 442 22781
32 443 22782
32 444 22783
32 445 22784
32 446 22785
32 447 22786
32 448 22787
32 449 22788
32 450 22789
32 451 22790
32 452 22791
32 453 22796
32 454 22801
32 455 22804
32 456 22806
32 457 22812
32 458 22815
32 459 22817
32 460 22819
32 461 22820
32 462 22821
32 463 22822
32 464 22823
32 465 22824
32 466 22825
32 467 22826
32 468 22827
32 469 22828
32 470 22829
32 471 22833
32 472 22838
32 473 22842
32 474 22848
32 475 22854
32 476 22856
32 477 22858
32 478 22860
32 479 22861
32 480 22862
32 481 22863
32 482 22864
32 483 22865
32 484 22866
32 485 22867
32 486 22868
32 487 22869
32 488 22870
32 489 22871
32 490 22872
32 491 22873
32 492 22874
32 493 22875
32 494 22876
32 495 22877
32 496 22878
32 497 22879
32 498 22880
32 499 22881
32 500 22882
32 501 22883
32 502 22884
32 503 22885
32 504 22886
32 505 22887
32 506 22888
32 507 22889
32 508 22890
32 509 22891
32 510 22892
32 511 22893
32 512 22894
32 513 22895
32 514 22896
32 515 22897
32 516 22898
32 517 22899
32 518 22900
32 519 22901
32 520 22902
32 521 22903
32 522 22904
32 523 22905
32 524 22906
32 525 22907
32 526 22908
32 527 22909
32 528 22910
32 529 22911
32 530 22912
32 531 22913
32 532 22914
32 533 22915
32 534 22916
32 535 22917
32 536 22918
32 537 22919
32 538 22920
32 539 22922
32 540 22923
32 541 22924
32 542 22925
32 543 22926
32 544 22927
32 545 22928
32 546 22929
32 547 22930
32 548 22931
32 549 22932
32 550 22933
32 551 22934
32 552 22935
32 553 22936
32 554 22937
32 555 22938
32 556 22939
32 557 22940
32 558 22941
32 559 22942
32 560 22943
32 561 22944
32 562 22945
32 563 22946
32 564 22947
32 565 22948
32 566 22949
32 567 22950
32 568 22951
32 569 22953
32 570 22954
32 571 22955
32 572 22956
32 573 22957
32 574 22958
32 575 22959
32 576 22960
32 577 22961
32 578 22962
32 579 22963
32 580 22964
32 581 22965
32 582 22966
32 583 22967
32 584 22968
32 585 22969
32 586 22970
32 587 22971
32 588 22972
32 589 22973
32 590 22974
32 591 22975
32 592 22976
32 593 22977
32 594 22978
32 595 22979
32 596 22980
32 597 22981
32 598 22982
32 599 22983
32 600 22984
32 601 22985
32 602 22986
32 603 22987
32 604 22988
32 605 22989
32 606 22990
32 607 22991
32 608 22992
32 609 22993
32 610 22994
32 611 22995
32 612 22996
32 613 22997
32 614 22998
32 615 22999
32 616 23000
32 617 23001
32 618 23002
32 619 23003
32 620 23004
32 621 23005
32 622 23006
32 623 23007
32 624 23008
32 625 23009
32 626 23010
32 627 23011
32 628 23012
32 629 23013
32 630 23014
32 631 23015
32 632 23016
32 633 23017
32 634 23018
32 635 23019
32 636 23020
32 637 23021
32 638 23022
32 639 23023
32 640 23024
32 641 23025
32 642 23026
32 643 23027
32 644 23028
32 645 23029
32 646 23030
32 647 23031
32 648 23032
32 649 23033
32 650 23034
32 651 23035
32 652 23036
32 653 23037
32 654 23038
32 655 23039
32 656 23040
32 657 23041
32 658 23042
32 659 23043
32 660 23044
32 661 23045
32 662 23046
32 663 23047
32 664 23048
32 665 23049
32 666 23050
32 667 23051
32 668 23052
32 669 23053
32 670 23054
32 671 23055
32 672 23056
32 673 23057
32 674 23058
32 675 23059
32 676 23060
32 677 23061
32 678 23062
32 679 23063
32 680 23064
32 681 23065
32 682 23066
32 683 23067
32 684 23068
32 685 23069
32 686 23070
32 687 23071
32 688 23072
32 689 23073
32 690 23074
32 691 23075
32 692 23076
32 693 23077
32 694 23078
32 695 23079
32 696 23080
32 697 23081
32 698 23082
32 699 23083
32 700 23084
32 701 23085
32 702 23086
32 703 23087
32 704 23088
32 705 23089
32 706 23090
32 707 23091
32 708 23092
32 709 23093
32 710 23094
32 711 23095
32 712 23096
32 713 23097
32 714 23098
32 715 23099
32 716 23100
35 1 7802
35 2 7803
35 3 7805
35 4 7807
35 5 7809
35 6 7811
35 7 7813
35 8 7815
35 9 7816
35 10 7818
35 11 7820
35 12 7822
35 13 7824
35 14 7826
35 15 7827
35 16 7829
35 17 7831
35 18 7833
35 19 7835
35 20 7837
35 21 7839
35 22 7840
35 23 7842
35 24 7844
35 25 7846
35 26 7848
35 27 7849
35 28 7851
35 29 7853
35 30 7855
35 31 7857
35 32 7859
35 33 7861
35 34 7862
35 35 7864
35 36 7866
35 37 7868
35 38 7870
35 39 7872
35 40 7873
35 41 7875
35 42 7877
35 43 7879
35 44 7881
35 45 7883
35 46 7885
35 47 7886
35 48 7888
35 49 7890
35 50 7892
35 51 7894
35 52 7896
35 53 7897
35 54 7899
35 55 7901
35 56 7903
35 57 7905
35 58 7907
35 59 7908
35 60 7910
35 61 7912
35 62 7914
35 63 7916
35 64 7918
35 65 7919
35 66 7921
35 67 7923
35 68 7925
35 69 7927
35 70 7929
35 71 7931
35 72 7932
35 73 7934
35 74 7936
35 75 7938
35 76 7940
35 77 7942
35 78 7943
35 79 7945
35 80 7947
35 81 7949
35 82 7951
35 83 7953
35 84 7955
35 85 7956
35 86 7958
35 87 7960
35 88 7962
35 89 7964
35 90 7965
35 91 7967
35 92 7969
35 93 7971
35 94 7973
35 95 7975
35 96 7977
35 97 7978
35 98 7980
35 99 7982
35 100 7984
35 101 7986
35 102 7988
35 103 7989
35 104 7991
35 105 7993
35 106 7995
35 107 7997
35 108 7999
35 109 8000
35 110 8002
35 111 8004
35 112 8006
35 113 8008
35 114 8010
35 115 8012
35 116 8013
35 117 8015
35 118 8017
35 119 8019
35 120 8021
35 121 8023
35 122 8024
35 123 8026
35 124 8028
35 125 8030
35 126 8032
35 127 8034
35 128 8035
35 129 8037
35 130 8039
35 131 8041
35 132 8043
35 133 8045
35 134 8047
35 135 8048
35 136 8050
35 137 8052
35 138 8054
35 139 8056
35 140 8058
35 141 8059
35 142 8061
35 143 8063
35 144 8065
35 145 8067
35 146 8069
35 147 8071
35 148 8072
35 149 8074
35 150 8076
35 151 8078
35 152 8080
35 153 8081
35 154 8083
35 155 8085
35 156 8087
35 157 8089
35 158 8091
35 159 8093
35 160 8094
35 161 8096
35 162 8098
35 163 8100
35 164 8102
35 165 8104
35 166 8105
35 167 8107
35 168 8109
35 169 8111
35 170 8113
35 171 8115
35 172 8117
35 173 8118
35 174 8120
35 175 8122
35 176 8124
35 177 8126
35 178 8128
35 179 8129
35 180 8131
35 181 8133
35 182 8135
35 183 8137
35 184 8139
35 185 8140
35 186 8142
35 187 8144
35 188 8146
35 189 8148
35 190 8150
35 191 8151
35 192 8153
35 193 8155
35 194 8157
35 195 8159
35 196 8161
35 197 8163
35 198 8164
35 199 8166
35 200 8168
35 201 8170
35 202 8172
35 203 8174
35 204 8175
35 205 8177
35 206 8179
35 207 8181
35 208 8183
35 209 8185
35 210 8187
35 211 8188
35 212 8190
35 213 8192
35 214 8194
35 215 8196
35 216 8198
35 217 8199
35 218 8201
35 219 8203
35 220 8205
35 221 8207
35 222 8209
35 223 8210
35 224 8212
35 225 8214
35 226 8216
35 227 8218
35 228 8220
35 229 8221
35 230 8223
35 231 8225
35 232 8227
35 233 8229
35 234 8231
35 235 8233
35 236 8234
35 237 8236
35 238 8238
35 239 8240
35 240 8242
35 241 8244
35 242 8245
35 243 8247
35 244 8249
35 245 8251
35 246 8253
35 247 8255
35 248 8256
35 249 8258
35 250 8260
35 251 8262
35 252 8264
35 253 8266
35 254 8267
35 255 8269
35 256 8271
35 257 8273
35 258 8275
35 259 8277
35 260 8279
35 261 8280
35 262 8282
35 263 8284
35 264 8286
35 265 8288
35 266 8290
35 267 8291
35 268 8293
35 269 8295
35 270 8297
35 271 8299
35 272 8301
35 273 8303
35 274 8304
35 275 8306
35 276 8308
35 277 8310
35 278 8312
35 279 8314
35 280 8315
35 281 8317
35 282 8319
35 283 8321
35 284 8323
35 285 8325
35 286 8326
35 287 8328
35 288 8330
35 289 8332
35 290 8334
35 291 8336
35 292 8337
35 293 8339
35 294 8341
35 295 8343
35 296 8345
35 297 8347
35 298 8349
35 299 8350
35 300 8352
35 301 8354
35 302 8356
35 303 8358
35 304 8360
35 305 8361
35 306 8363
35 307 8365
35 308 8367
35 309 8369
35 310 8371
35 311 8373
35 312 8374
35 313 8376
35 314 8378
35 315 8380
35 316 8382
35 317 8384
35 318 8385
35 319 8387
35 320 8389
35 321 8391
35 322 8393
35 323 8395
35 324 8396
35 325 8398
35 326 8400
35 327 8402
35 328 8404
35 329 8406
35 330 8407
35 331 8409
35 332 8411
35 333 8413
35 334 8415
35 335 8417
35 336 8419
35 337 8420
35 338 8422
35 339 8424
35 340 8426
35 341 8428
35 342 8430
35 343 8431
35 344 8433
35 345 8435
35 346 8437
35 347 8439
35 348 8441
35 349 8442
35 350 8444
35 351 8446
35 352 8448
35 353 8450
35 354 8452
35 355 8453
35 356 8455
35 357 8457
35 358 8459
35 359 8461
35 360 8463
35 361 8465
35 362 8466
35 363 8468
35 364 8470
35 365 8472
35 366 8474
35 367 8476
35 368 8477
35 369 8479
35 370 8481
35 371 8483
35 372 8485
35 373 8487
35 374 8489
35 375 8490
35 376 8492
35 377 8494
35 378 8496
35 379 8498
35 380 8499
35 381 8501
35 382 8503
35 383 8505
35 384 8507
35 385 8509
35 386 8511
35 387 8512
35 388 8514
35 389 8516
35 390 8518
35 391 8520
35 392 8522
35 393 8523
35 394 8525
35 395 8527
35 396 8529
35 397 8531
35 398 8533
35 399 8534
35 400 8536
35 401 8538
35 402 8540
35 403 8542
35 404 8544
35 405 8546
35 406 8547
35 407 8549
35 408 8551
35 409 8553
35 410 8555
35 411 8557
35 412 8558
35 413 8560
35 414 8562
35 415 8564
35 416 8566
35 417 8568
35 418 8569
35 419 8571
35 420 8573
35 421 8575
35 422 8577
35 423 8579
35 424 8581
35 425 8582
35 426 8584
35 427 8586
35 428 8588
35 429 8590
35 430 8592
35 431 8593
35 432 8595
35 433 8597
35 434 8599
35 435 8601
35 436 8603
35 437 8605
35 438 8606
35 439 8608
35 440 8610
35 441 8612
35 442 8614
35 443 8615
35 444 8617
35 445 8619
35 446 8621
35 447 8623
35 448 8625
35 449 8627
35 450 8628
35 451 8630
35 452 8632
35 453 8634
35 454 8636
35 455 8638
35 456 8639
35 457 8641
35 458 8643
35 459 8645
35 460 8647
35 461 8649
35 462 8651
35 463 8652
35 464 8654
35 465 8656
35 466 8658
35 467 8660
35 468 8662
35 469 8663
35 470 8665
35 471 8667
35 472 8669
35 473 8671
35 474 8673
35 475 8674
35 476 8676
35 477 8678
35 478 8680
35 479 8682
35 480 8684
35 481 8685
35 482 8687
35 483 8689
35 484 8691
35 485 8693
35 486 8695
35 487 8697
35 488 8698
35 489 8700
46 1 3301
46 2 3302
46 3 3303
46 4 3304
46 5 3305
46 6 3306
46 7 3307
46 8 3308
46 9 3309
46 10 3310
46 11 3311
46 12 3312
46 13 3313
46 14 3314
46 15 3315
46 16 3316
46 17 3317
46 18 3318
46 19 3319
46 20 3320
46 21 3321
46 22 3322
46 23 3323
46 24 3324
46 25 3325
46 26 3326
46 27 3327
46 28 3328
46 29 3329
46 30 3330
46 31 3331
46 32 3332
46 33 3333
46 34 3334
46 35 3335
46 36 3336
46 37 3337
46 38 3338
46 39 3339
46 40 3340
46 41 3341
46 42 3342
46 43 3343
46 44 3344
46 45 3345
46 46 3346
46 47 3347
46 48 3348
46 49 3349
46 50 3350
46 51 3351
46 52 3352
46 53 3353
46 54 3354
46 55 3355
46 56 3356
46 57 3357
46 58 3358
46 59 3359
46 60 3360
46 61 3361
46 62 3362
46 63 3363
46 64 3364
46 65 3365
46 66 3366
46 67 3367
46 68 3368
46 69 3369
46 70 3370
46 71 3371
46 72 3372
46 73 3373
46 74 3374
46 75 3375
46 76 3376
46 77 3377
46 78 3378
46 79 3379
46 80 3380
46 81 3381
46 82 3382
46 83 3383
46 84 3384
46 85 3385
46 86 3386
46 87 3387
46 88 3388
46 89 3389
46 90 3390
46 91 3391
46 92 3392
46 93 3393
46 94 3394
46 95 3395
46 96 3396
46 97 3397
46 98 3398
46 99 3399
46 100 3400
46 101 3401
46 102 3402
46 103 3403
46 104 3404
46 105 3405
46 106 3406
46 107 3407
46 108 3408
46 109 3409
46 110 3410
46 111 3411
46 112 3412
46 113 3413
46 114 3414
46 115 3415
46 116 3416
46 117 3417
46 118 3418
46 119 3419
46 120 3420
46 121 3421
46 122 3422
46 123 3423
46 124 3424
46 125 3425
46 126 3426
46 127 3427
46 128 3428
46 129 3429
46 130 3430
46 131 3431
46 132 3432
46 133 3433
46 134 3434
46 135 3435
46 136 3436
46 137 3437
46 138 3438
46 139 3439
46 140 3440
46 141 3441
46 142 3442
46 143 3443
46 144 3444
46 145 3445
46 146 3446
46 147 3447
46 148 3448
46 149 3449
46 150 3450
46 151 3451
46 152 3452
46 153 3453
46 154 3454
46 155 3455
46 156 3456
46 157 3457
46 158 3458
46 159 3459
46 160 3460
46 161 3461
46 162 3462
46 163 3463
46 164 3464
46 165 3465
46 166 3466
46 167 3467
46 168 3468
46 169 3469
46 170 3470
46 171 3471
46 172 3472
46 173 3473
46 174 3474
46 175 3475
46 176 3476
46 177 3477
46 178 3478
46 179 3479
46 180 3480
46 181 3481
46 182 3482
46 183 3483
46 184 3484
46 185 3485
46 186 3486
46 187 3487
46 188 3488
46 189 3489
46 190 3490
46 191 3491
46 192 3492
46 193 3493
46 194 3494
46 195 3495
46 196 3496
46 197 3497
46 198 3498
46 199 3499
46 200 3500
46 201 3501
46 202 3502
46 203 3503
46 204 3504
46 205 3505
46 206 3506
46 207 3507
46 208 3508
46 209 3509
46 210 3510
46 211 3511
46 212 3512
46 213 3513
46 214 3514
46 215 3515
46 216 3516
46 217 3517
46 218 3518
46 219 3519
46 220 3520
46 221 3521
46 222 3522
46 223 3523
46 224 3524
46 225 3525
46 226 3526
46 227 3527
46 228 3528
46 229 3529
46 230 3530
46 231 3531
46 232 3532
46 233 3533
46 234 3534
46 235 3535
46 236 3536
46 237 3537
46 238 3538
46 239 3539
46 240 3540
46 241 3541
46 242 3542
46 243 3543
46 244 3544
46 245 3545
46 246 3546
46 247 3547
46 248 3548
46 249 3549
46 250 3550
46 251 3551
46 252 3552
46 253 3553
46 254 3554
46 255 3555
46 256 3556
46 257 3557
46 258 3558
46 259 3559
46 260 3560
46 261 3561
46 262 3562
46 263 3563
46 264 3564
46 265 3565
46 266 3566
46 267 3567
46 268 3568
46 269 3569
46 270 3570
46 271 3571
46 272 3572
46 273 3573
46 274 3574
46 275 3575
46 276 3576
46 277 3577
46 278 3578
46 279 3579
46 280 3580
46 281 3581
46 282 3582
46 283 3583
46 284 3584
46 285 3585
46 286 3586
46 287 3587
46 288 3588
46 289 3589
46 290 3590
46 291 3591
46 292 3592
46 293 3593
46 294 3594
46 295 3595
46 296 3596
46 297 3597
46 298 3598
46 299 3599
46 300 3600
46 301 3601
46 302 3602
46 303 3603
46 304 3604
46 305 3605
46 306 3606
46 307 3607
46 308 3608
46 309 3609
46 310 3610
46 311 3611
46 312 3612
46 313 3613
46 314 3614
46 315 3615
46 316 3616
46 317 3617
46 318 3618
46 319 3619
46 320 3620
46 321 3621
46 322 3622
46 323 3623
46 324 3624
46 325 3625
46 326 3626
46 327 3627
46 328 3628
46 329 3629
46 330 3630
46 331 3631
46 332 3632
46 333 3633
46 334 3634
46 335 3635
46 336 3636
46 337 3637
46 338 3638
46 339 3639
46 340 3640
46 341 3641
46 342 3642
46 343 3643
46 344 3644
46 345 3645
46 346 3646
46 347 3647
46 348 3648
46 349 3649
46 350 3650
46 351 3651
46 352 3652
46 353 3653
46 354 3654
46 355 3655
46 356 3656
46 357 3657
46 358 3658
46 359 3659
46 360 3660
46 361 3661
46 362 3662
46 363 3663
46 364 3664
46 365 3665
46 366 3666
46 367 3667
46 368 3668
46 369 3669
46 370 3670
46 371 3671
46 372 3672
46 373 3673
46 374 3674
46 375 3675
46 376 3676
46 377 3677
46 378 3678
46 379 3679
46 380 3680
46 381 3681
46 382 3682
46 383 3683
46 384 3684
46 385 3685
46 386 3686
46 387 3687
46 388 3688
46 389 3689
46 390 3690
46 391 3691
46 392 3692
46 393 3693
46 394 3694
46 395 3695
46 396 3696
46 397 3697
46 398 3698
46 399 3699
46 400 3700
46 401 3701
46 402 3702
46 403 3703
46 404 3704
46 405 3705
46 406 3706
46 407 3707
46 408 3708
46 409 3709
46 410 3710
46 411 3711
46 412 3712
46 413 3713
46 414 3714
46 415 3715
46 416 3716
46 417 3717
46 418 3718
46 419 3719
46 420 3720
46 421 3721
46 422 3722
46 423 3723
46 424 3724
46 425 3725
46 426 3726
46 427 3727
46 428 3728
46 429 3729
46 430 3730
46 431 3731
46 432 3732
46 433 3733
46 434 3734
46 435 3735
46 436 3736
46 437 3737
46 438 3738
46 439 3739
46 440 3740
46 441 3741
46 442 3742
46 443 3743
46 444 3744
46 445 3745
46 446 3746
46 447 3747
46 448 3748
46 449 3749
46 450 3750
46 451 3751
46 452 3752
46 453 3753
46 454 3754
46 455 3755
46 456 3756
46 457 3757
46 458 3758
46 459 3759
46 460 3760
46 461 3761
46 462 3762
46 463 3763
46 464 3764
46 465 3765
46 466 3766
46 467 3767
46 468 3768
46 469 3769
46 470 3770
46 471 3771
46 472 3772
46 473 3773
46 474 3774
46 475 3775
46 476 3776
46 477 3777
46 478 3778
46 479 3779
46 480 3780
46 481 3781
46 482 3782
46 483 3783
46 484 3784
46 485 3785
46 486 3786
46 487 3787
46 488 3788
46 489 3789
46 490 3790
46 491 3791
46 492 3792
46 493 3793
46 494 3794
46 495 3795
46 496 3796
46 497 3797
46 498 3798
46 499 3799
46 500 3800
46 501 3801
46 502 3802
46 503 3803
46 504 3804
46 505 3805
46 506 3806
46 507 3807
46 508 3808
46 509 3809
46 510 3810
46 511 3811
46 512 3812
46 513 3813
46 514 3814
46 515 3815
46 516 3816
46 517 3817
46 518 3818
46 519 3819
46 520 3820
46 521 3821
46 522 3822
46 523 3823
46 524 3824
46 525 3825
46 526 3826
46 527 3827
46 528 3828
46 529 3829
46 530 3830
46 531 3831
46 532 3832
46 533 3833
46 534 3834
46 535 3835
46 536 3836
46 537 3837
46 538 3838
46 539 3839
46 540 3840
46 541 3841
46 542 3842
46 543 3843
46 544 3844
46 545 3845
46 546 3846
46 547 3847
46 548 3848
46 549 3849
46 550 3850
46 551 3851
46 552 3852
46 553 3853
46 554 3854
46 555 3855
46 556 3856
46 557 3857
46 558 3858
46 559 3859
46 560 3860
46 561 3861
46 562 3862
46 563 3863
46 564 3864
46 565 3865
46 566 3866
46 567 3867
46 568 3868
46 569 3869
46 570 3870
46 571 3871
46 572 3872
46 573 3873
46 574 3874
46 575 3875
46 576 3876
46 577 3877
46 578 3878
46 579 3879
46 580 3880
46 581 3881
46 582 3882
46 583 3883
46 584 3884
46 585 3885
46 586 3886
46 587 3887
46 588 3888
46 589 3889
46 590 3890
46 591 3891
46 592 3892
46 593 3893
46 594 3894
46 595 3895
46 596 3896
46 597 3897
46 598 3898
46 599 3899
46 600 3900
46 601 3901
46 602 3902
46 603 3903
46 604 3904
46 605 3905
46 606 3906
46 607 3907
46 608 3908
46 609 3909
46 610 3910
46 611 3911
46 612 3912
46 613 3913
46 614 3914
46 615 3915
46 616 3916
46 617 3917
46 618 3918
46 619 3919
46 620 3920
46 621 3921
46 622 3922
46 623 3923
46 624 3924
46 625 3925
46 626 3926
46 627 3927
46 628 3928
46 629 3929
46 630 3930
46 631 3931
46 632 3932
46 633 3933
46 634 3934
46 635 3935
46 636 3936
46 637 3937
46 638 3938
46 639 3939
46 640 3940
46 641 3941
46 642 3942
46 643 3943
46 644 3944
46 645 3945
46 646 3946
46 647 3947
46 648 3948
46 649 3949
46 650 3950
46 651 3951
46 652 3952
46 653 3953
46 654 3954
46 655 3955
46 656 3956
46 657 3957
46 658 3958
46 659 3959
46 660 3960
46 661 3961
46 662 3962
46 663 3963
46 664 3964
46 665 3965
46 666 3966
46 667 3967
46 668 3968
46 669 3969
46 670 3970
46 671 3971
46 672 3972
46 673 3973
46 674 3974
46 675 3975
46 676 3976
46 677 3977
46 678 3978
46 679 3979
46 680 3980
46 681 3981
46 682 3982
46 683 3983
46 684 3984
46 685 3985
46 686 3986
46 687 3987
46 688 3988
46 689 3989
46 690 3990
46 691 3991
46 692 3992
46 693 3993
46 694 3994
46 695 3995
46 696 3996
46 697 3997
46 698 3998
46 699 3999
46 700 4000
46 701 4001
46 702 4002
46 703 4003
46 704 4004
46 705 4005
46 706 4006
46 707 4007
46 708 4008
46 709 4009
46 710 4010
46 711 4011
46 712 4012
46 713 4013
46 714 4014
46 715 4015
46 716 4016
46 717 4017
46 718 4018
46 719 4019
46 720 4020
46 721 4021
46 722 4022
46 723 4023
46 724 4024
46 725 4025
46 726 4026
46 727 4027
46 728 4028
46 729 4029
46 730 4030
46 731 4031
46 732 4032
46 733 4033
46 734 4034
46 735 4035
46 736 4036
46 737 4037
46 738 4038
46 739 4039
46 740 4040
46 741 4041
46 742 4042
46 743 4043
46 744 4044
46 745 4045
46 746 4046
46 747 4047
46 748 4048
46 749 4049
46 750 4050
64 1 15001
64 2 15002
64 3 15003
64 4 15004
64 5 15005
64 6 15006
64 7 15008
64 8 15009
64 9 15010
64 10 15011
64 11 15012
64 12 15013
64 13 15014
64 14 15015
64 15 15016
64 16 15017
64 17 15018
64 18 15019
64 19 15020
64 20 15021
64 21 15022
64 22 15023
64 23 15024
64 24 15025
64 25 15026
64 26 15027
64 27 15028
64 28 15030
64 29 15031
64 30 15032
64 31 15033
64 32 15034
64 33 15035
64 34 15036
64 35 15037
64 36 15038
64 37 15039
64 38 15040
64 39 15041
64 40 15042
64 41 15043
64 42 15044
64 43 15045
64 44 15046
64 45 15047
64 46 15048
64 47 15049
64 48 15050
64 49 15051
64 50 15052
64 51 15054
64 52 15055
64 53 15056
64 54 15057
64 55 15058
64 56 15059
64 57 15060
64 58 15061
64 59 15062
64 60 15063
64 61 15064
64 62 15065
64 63 15066
64 64 15067
64 65 15068
64 66 15069
64 67 15070
64 68 15071
64 69 15072
64 70 15073
64 71 15075
64 72 15076
64 73 15077
64 74 15078
64 75 15079
64 76 15080
64 77 15081
64 78 15082
64 79 15083
64 80 15084
64 81 15085
64 82 15086
64 83 15087
64 84 15088
64 85 15089
64 86 15090
64 87 15091
64 88 15092
64 89 15093
64 90 15094
64 91 15095
64 92 15096
64 93 15098
64 94 15099
64 95 15100
64 96 15101
64 97 15102
64 98 15103
64 99 15104
64 100 15105
64 101 15106
64 102 15107
64 103 15108
64 104 15109
64 105 15110
64 106 15112
64 107 15113
64 108 15114
64 109 15116
64 110 15117
64 111 15118
64 112 15119
64 113 15120
64 114 15121
64 115 15122
64 116 15123
64 117 15124
64 118 15125
64 119 15126
64 120 15127
64 121 15128
64 122 15129
64 123 15130
64 124 15131
64 125 15132
64 126 15133
64 127 15135
64 128 15136
64 129 15137
64 130 15138
64 131 15139
64 132 15140
64 133 15141
64 134 15142
64 135 15143
64 136 15144
64 137 15145
64 138 15146
64 139 15147
64 140 15148
64 141 15149
64 142 15150
64 143 15151
64 144 15152
64 145 15153
64 146 15154
64 147 15155
64 148 15156
64 149 15157
64 150 15158
64 151 15159
64 152 15160
64 153 15161
64 154 15162
64 155 15164
64 156 15165
64 157 15166
64 158 15167
64 159 15168
64 160 15169
64 161 15170
64 162 15171
64 163 15172
64 164 15173
64 165 15174
64 166 15175
64 167 15176
64 168 15177
64 169 15178
64 170 15179
64 171 15180
64 172 15181
64 173 15182
64 174 15183
64 175 15184
64 176 15186
64 177 15187
64 178 15188
64 179 15189
64 180 15190
64 181 15191
64 182 15192
64 183 15193
64 184 15194
64 185 15195
64 186 15196
64 187 15197
64 188 15198
64 189 15199
64 190 15200
64 191 15201
64 192 15202
64 193 15203
64 194 15204
64 195 15205
64 196 15206
64 197 15207
64 198 15208
64 199 15209
64 200 15210
64 201 15211
64 202 15212
64 203 15213
64 204 15215
64 205 15216
64 206 15217
64 207 15218
64 208 15219
64 209 15220
64 210 15221
64 211 15222
64 212 15223
64 213 15224
64 214 15225
64 215 15226
64 216 15227
64 217 15228
64 218 15229
64 219 15230
64 220 15231
64 221 15232
64 222 15233
64 223 15234
64 224 15235
64 225 15236
64 226 15237
64 227 15238
64 228 15239
64 229 15240
64 230 15241
64 231 15243
64 232 15244
64 233 15245
64 234 15246
64 235 15247
64 236 15248
64 237 15249
64 238 15250
64 239 15251
64 240 15252
64 241 15253
64 242 15254
64 243 15255
64 244 15256
64 245 15257
64 246 15258
64 247 15259
64 248 15260
64 249 15261
64 250 15262
64 251 15263
64 252 15264
64 253 15265
64 254 15266
64 255 15267
64 256 15268
64 257 15269
64 258 15270
64 259 15271
64 260 15273
64 261 15274
64 262 15275
64 263 15276
64 264 15277
64 265 15278
64 266 15279
64 267 15280
64 268 15281
64 269 15282
64 270 15283
64 271 15284
64 272 15285
64 273 15286
64 274 15287
64 275 15288
64 276 15289
64 277 15290
64 278 15291
64 279 15292
64 280 15293
64 281 15294
64 282 15295
64 283 15297
64 284 15298
64 285 15299
64 286 15300
64 287 15301
64 288 15302
64 289 15303
64 290 15304
64 291 15305
64 292 15306
64 293 15307
64 294 15308
64 295 15309
64 296 15310
64 297 15311
64 298 15312
64 299 15313
64 300 15314
64 301 15315
64 302 15316
64 303 15317
64 304 15318
64 305 15319
64 306 15321
64 307 15322
64 308 15323
64 309 15324
64 310 15325
64 311 15326
64 312 15327
64 313 15328
64 314 15329
64 315 15330
64 316 15331
64 317 15332
64 318 15333
64 319 15334
64 320 15335
64 321 15336
64 322 15337
64 323 15338
64 324 15339
64 325 15340
64 326 15341
64 327 15343
64 328 15344
64 329 15345
64 330 15346
64 331 15347
64 332 15348
64 333 15349
64 334 15350
64 335 15351
64 336 15352
64 337 15353
64 338 15354
64 339 15355
64 340 15356
64 341 15357
64 342 15358
64 343 15360
64 344 15361
64 345 15362
64 346 15363
64 347 15364
64 348 15365
64 349 15366
64 350 15367
64 351 15368
64 352 15369
64 353 15370
64 354 15371
64 355 15372
64 356 15373
64 357 15374
64 358 15375
64 359 15376
64 360 15377
64 361 15378
64 362 15379
64 363 15380
64 364 15381
64 365 15382
64 366 15383
64 367 15384
64 368 15385
64 369 15386
64 370 15388
64 371 15389
64 372 15390
64 373 15391
64 374 15392
64 375 15393
64 376 15394
64 377 15395
64 378 15396
64 379 15397
64 380 15398
64 381 15399
64 382 15400
64 383 15401
64 384 15402
64 385 15403
64 386 15404
64 387 15405
64 388 15406
64 389 15407
64 390 15408
64 391 15409
64 392 15410
64 393 15411
64 394 15412
64 395 15414
64 396 15415
64 397 15416
64 398 15417
64 399 15418
64 400 15419
64 401 15420
64 402 15421
64 403 15422
64 404 15423
64 405 15424
64 406 15425
64 407 15426
64 408 15427
64 409 15428
64 410 15429
64 411 15430
64 412 15431
64 413 15432
64 414 15433
64 415 15434
64 416 15436
64 417 15437
64 418 15438
64 419 15439
64 420 15440
64 421 15441
64 422 15442
64 423 15443
64 424 15444
64 425 15445
64 426 15446
64 427 15447
64 428 15448
64 429 15449
64 430 15450
64 431 15451
64 432 15452
64 433 15453
64 434 15454
64 435 15455
64 436 15457
64 437 15458
64 438 15459
64 439 15460
64 440 15461
64 441 15462
64 442 15463
64 443 15464
64 444 15465
64 445 15466
64 446 15467
64 447 15468
64 448 15469
64 449 15470
64 450 15471
64 451 15472
64 452 15473
64 453 15474
64 454 15475
64 455 15476
64 456 15477
64 457 15478
64 458 15479
64 459 15480
64 460 15481
64 461 15482
64 462 15484
64 463 15485
64 464 15486
64 465 15487
64 466 15488
64 467 15489
64 468 15490
64 469 15491
64 470 15492
64 471 15493
64 472 15494
64 473 15495
64 474 15496
64 475 15497
64 476 15498
64 477 15499
64 478 15500
64 479 15501
64 480 15502
64 481 15503
64 482 15504
64 483 15505
64 484 15506
64 485 15507
64 486 15508
64 487 15509
64 488 15510
64 489 15512
64 490 15513
64 491 15514
64 492 15515
64 493 15516
64 494 15517
64 495 15518
64 496 15519
64 497 15520
64 498 15521
64 499 15522
64 500 15523
64 501 15524
64 502 15525
64 503 15526
64 504 15527
64 505 15528
64 506 15529
64 507 15530
64 508 15531
64 509 15532
64 510 15533
64 511 15535
64 512 15536
64 513 15537
64 514 15538
64 515 15539
64 516 15540
64 517 15541
64 518 15542
64 519 15543
64 520 15544
64 521 15545
64 522 15546
64 523 15547
64 524 15548
64 525 15549
64 526 15550
64 527 15551
64 528 15552
64 529 15553
64 530 15554
64 531 15555
64 532 15556
64 533 15558
64 534 15559
64 535 15560
64 536 15561
64 537 15562
64 538 15563
64 539 15564
64 540 15565
64 541 15566
64 542 15567
64 543 15568
64 544 15569
64 545 15570
64 546 15571
64 547 15572
64 548 15573
64 549 15574
64 550 15576
64 551 15577
64 552 15578
64 553 15579
64 554 15580
64 555 15581
64 556 15582
64 557 15583
64 558 15584
64 559 15585
64 560 15586
64 561 15587
64 562 15588
64 563 15589
64 564 15590
64 565 15591
64 566 15593
64 567 15594
64 568 15595
64 569 15596
64 570 15597
64 571 15598
64 572 15599
64 573 15600
68 1 4652
68 2 4654
68 3 4656
68 4 4658
68 5 4660
68 6 4662
68 7 4664
68 8 4666
68 9 4668
68 10 4670
68 11 4672
68 12 4674
68 13 4676
68 14 4678
68 15 4680
68 16 4682
68 17 4684
68 18 4686
68 19 4688
68 20 4690
68 21 4692
68 22 4694
68 23 4696
68 24 4698
68 25 4700
68 26 4702
68 27 4704
68 28 4706
68 29 4708
68 30 4710
68 31 4712
68 32 4714
68 33 4716
68 34 4718
68 35 4720
68 36 4722
68 37 4724
68 38 4726
68 39 4728
68 40 4730
68 41 4732
68 42 4734
68 43 4736
68 44 4738
68 45 4740
68 46 4742
68 47 4744
68 48 4746
68 49 4748
68 50 4750
68 51 4752
68 52 4754
68 53 4756
68 54 4758
68 55 4760
68 56 4762
68 57 4764
68 58 4766
68 59 4768
68 60 4770
68 61 4772
68 62 4774
68 63 4776
68 64 4778
68 65 4780
68 66 4782
68 67 4784
68 68 4786
68 69 4788
68 70 4790
68 71 4792
68 72 4794
68 73 4796
68 74 4798
68 75 4800
68 76 4802
68 77 4804
68 78 4806
68 79 4808
68 80 4810
68 81 4812
68 82 4814
68 83 4816
68 84 4818
68 85 4820
68 86 4822
68 87 4824
68 88 4826
68 89 4828
68 90 4830
68 91 4832
68 92 4834
68 93 4836
68 94 4838
68 95 4840
68 96 4842
68 97 4844
68 98 4846
68 99 4848
68 100 4850
68 101 4852
68 102 4854
68 103 4856
68 104 4858
68 105 4860
68 106 4862
68 107 4864
68 108 4866
68 109 4868
68 110 4870
68 111 4872
68 112 4874
68 113 4876
68 114 4878
68 115 4880
68 116 4882
68 117 4884
68 118 4886
68 119 4888
68 120 4890
68 121 4892
68 122 4894
68 123 4896
68 124 4898
68 125 4900
68 126 4902
68 127 4904
68 128 4906
68 129 4908
68 130 4910
68 131 4912
68 132 4914
68 133 4916
68 134 4918
68 135 4920
68 136 4922
68 137 4924
68 138 4926
68 139 4928
68 140 4930
68 141 4932
68 142 4934
68 143 4936
68 144 4938
68 145 4940
68 146 4942
68 147 4944
68 148 4946
68 149 4948
68 150 4950
68 151 4952
68 152 4954
68 153 4956
68 154 4958
68 155 4960
68 156 4962
68 157 4964
68 158 4966
68 159 4968
68 160 4970
68 161 4972
68 162 4974
68 163 4976
68 164 4978
68 165 4980
68 166 4982
68 167 4984
68 168 4986
68 169 4988
68 170 4990
68 171 4992
68 172 4994
68 173 4996
68 174 4998
68 175 5000
68 176 5002
68 177 5004
68 178 5006
68 179 5008
68 180 5010
68 181 5012
68 182 5014
68 183 5016
68 184 5018
68 185 5020
68 186 5022
68 187 5024
68 188 5026
68 189 5028
68 190 5030
68 191 5032
68 192 5034
68 193 5036
68 194 5038
68 195 5040
68 196 5042
68 197 5044
68 198 5046
68 199 5048
68 200 5050
68 201 5052
68 202 5054
68 203 5056
68 204 5058
68 205 5060
68 206 5062
68 207 5064
68 208 5066
68 209 5068
68 210 5070
68 211 5072
68 212 5074
68 213 5076
68 214 5078
68 215 5080
68 216 5082
68 217 5084
68 218 5086
68 219 5088
68 220 5090
68 221 5092
68 222 5094
68 223 5096
68 224 5098
68 225 5100
68 226 5102
68 227 5104
68 228 5106
68 229 5108
68 230 5110
68 231 5112
68 232 5114
68 233 5116
68 234 5118
68 235 5120
68 236 5122
68 237 5124
68 238 5126
68 239 5128
68 240 5130
68 241 5132
68 242 5134
68 243 5136
68 244 5138
68 245 5140
68 246 5142
68 247 5144
68 248 5146
68 249 5148
68 250 5150
68 251 5152
68 252 5154
68 253 5156
68 254 5158
68 255 5160
68 256 5162
68 257 5164
68 258 5166
68 259 5168
68 260 5170
68 261 5172
68 262 5174
68 263 5176
68 264 5178
68 265 5180
68 266 5182
68 267 5184
68 268 5186
68 269 5188
68 270 5190
68 271 5192
68 272 5194
68 273 5196
68 274 5198
68 275 5200
68 276 5202
68 277 5204
68 278 5206
68 279 5208
68 280 5210
68 281 5212
68 282 5214
68 283 5216
68 284 5218
68 285 5220
68 286 5222
68 287 5224
68 288 5226
68 289 5228
68 290 5230
68 291 5232
68 292 5234
68 293 5236
68 294 5238
68 295 5240
68 296 5242
68 297 5244
68 298 5246
68 299 5248
68 300 5250
68 301 5252
68 302 5254
68 303 5256
68 304 5258
68 305 5260
68 306 5262
68 307 5264
68 308 5266
68 309 5268
68 310 5270
68 311 5272
68 312 5274
68 313 5276
68 314 5278
68 315 5280
68 316 5282
68 317 5284
68 318 5286
68 319 5288
68 320 5290
68 321 5292
68 322 5294
68 323 5296
68 324 5298
68 325 5300
68 326 5302
68 327 5304
68 328 5306
68 329 5308
68 330 5310
68 331 5312
68 332 5314
68 333 5316
68 334 5318
68 335 5320
68 336 5322
68 337 5324
68 338 5326
68 339 5328
68 340 5330
68 341 5332
68 342 5334
68 343 5336
68 344 5338
68 345 5340
68 346 5342
68 347 5344
68 348 5346
68 349 5348
68 350 5350
68 351 5352
68 352 5354
68 353 5356
68 354 5358
68 355 5360
68 356 5362
68 357 5364
68 358 5366
68 359 5368
68 360 5370
68 361 5372
68 362 5374
68 363 5376
68 364 5378
68 365 5380
68 366 5382
68 367 5384
68 368 5386
68 369 5388
68 370 5390
68 371 5392
68 372 5394
68 373 5396
68 374 5398
68 375 5400
82 1 2102
82 2 2104
82 3 2106
82 4 2108
82 5 2110
82 6 2112
82 7 2114
82 8 2116
82 9 2118
82 10 2120
82 11 2122
82 12 2124
82 13 2126
82 14 2128
82 15 2130
82 16 2132
82 17 2134
82 18 2136
82 19 2138
82 20 2140
82 21 2142
82 22 2144
82 23 2146
82 24 2148
82 25 2150
82 26 2152
82 27 2154
82 28 2156
82 29 2158
82 30 2160
82 31 2162
82 32 2164
82 33 2166
82 34 2168
82 35 2170
82 36 2172
82 37 2174
82 38 2176
82 39 2178
82 40 2180
82 41 2182
82 42 2184
82 43 2186
82 44 2188
82 45 2190
82 46 2192
82 47 2194
82 48 2196
82 49 2198
82 50 2200
82 51 2202
82 52 2204
82 53 2206
82 54 2208
82 55 2210
82 56 2212
82 57 2214
82 58 2216
82 59 2218
82 60 2220
82 61 2222
82 62 2224
82 63 2226
82 64 2228
82 65 2230
82 66 2232
82 67 2234
82 68 2236
82 69 2238
82 70 2240
82 71 2242
82 72 2244
82 73 2246
82 74 2248
82 75 2250
82 76 2252
82 77 2254
82 78 2256
82 79 2258
82 80 2260
82 81 2262
82 82 2264
82 83 2266
82 84 2268
82 85 2270
82 86 2272
82 87 2274
82 88 2276
82 89 2278
82 90 2280
82 91 2282
82 92 2284
82 93 2286
82 94 2288
82 95 2290
82 96 2292
82 97 2294
82 98 2296
82 99 2298
82 100 2300
82 101 2302
82 102 2304
82 103 2306
82 104 2308
82 105 2310
82 106 2312
82 107 2314
82 108 2316
82 109 2318
82 110 2320
82 111 2322
82 112 2324
82 113 2326
82 114 2328
82 115 2330
82 116 2332
82 117 2334
82 118 2336
82 119 2338
82 120 2340
82 121 2342
82 122 2344
82 123 2346
82 124 2348
82 125 2350
82 126 2352
82 127 2354
82 128 2356
82 129 2358
82 130 2360
82 131 2362
82 132 2364
82 133 2366
82 134 2368
82 135 2370
82 136 2372
82 137 2374
82 138 2376
82 139 2378
82 140 2380
82 141 2382
82 142 2384
82 143 2388
82 144 2390
82 145 2392
82 146 2394
82 147 2396
82 148 2398
82 149 2400
82 150 2402
82 151 2404
82 152 2406
82 153 2408
82 154 2410
82 155 2412
82 156 2414
82 157 2416
82 158 2418
82 159 2420
82 160 2422
82 161 2424
82 162 2426
82 163 2428
82 164 2430
82 165 2432
82 166 2434
82 167 2436
82 168 2438
82 169 2440
82 170 2442
82 171 2444
82 172 2446
82 173 2448
82 174 2450
82 175 2452
82 176 2454
82 177 2456
82 178 2458
82 179 2460
82 180 2462
82 181 2464
82 182 2466
82 183 2468
82 184 2470
82 185 2472
82 186 2474
82 187 2476
82 188 2478
82 189 2480
82 190 2482
82 191 2484
82 192 2486
82 193 2488
82 194 2490
82 195 2492
82 196 2494
82 197 2496
82 198 2498
82 199 2500
82 200 2502
82 201 2504
82 202 2506
82 203 2508
82 204 2510
82 205 2512
82 206 2514
82 207 2516
82 208 2518
82 209 2520
82 210 2522
82 211 2524
82 212 2526
82 213 2528
82 214 2530
82 215 2532
82 216 2534
82 217 2536
82 218 2538
82 219 2540
82 220 2542
82 221 2544
82 222 2546
82 223 2548
82 224 2550
82 225 2552
82 226 2554
82 227 2556
82 228 2558
82 229 2560
82 230 2562
82 231 2564
82 232 2566
82 233 2568
82 234 2570
82 235 2572
82 236 2574
82 237 2576
82 238 2578
82 239 2580
82 240 2582
82 241 2584
82 242 2586
82 243 2588
82 244 2590
82 245 2592
82 246 2594
82 247 2596
82 248 2598
82 249 2600
82 250 2602
82 251 2604
82 252 2606
82 253 2608
82 254 2610
82 255 2612
82 256 2614
82 257 2616
82 258 2618
82 259 2620
82 260 2622
82 261 2624
82 262 2626
82 263 2628
82 264 2630
82 265 2632
82 266 2634
82 267 2636
82 268 2638
82 269 2640
82 270 2642
82 271 2644
82 272 2646
82 273 2648
82 274 2650
82 275 2652
82 276 2654
82 277 2656
82 278 2658
82 279 2660
82 280 2662
82 281 2664
82 282 2666
82 283 2668
82 284 2670
82 285 2672
82 286 2674
82 287 2676
82 288 2678
82 289 2680
82 290 2682
82 291 2684
82 292 2686
82 293 2688
82 294 2690
82 295 2692
82 296 2694
82 297 2696
82 298 2698
82 299 2700
