1 (87.43333333333332, 1.0, 27.433333333333323)
1 (66.63333333333334, 1.0, 6.63333333333334)
32 (753.3, 12.0, 33.299999999999955)
32 (751.3, 12.0, 31.299999999999955)
35 (273.2, 4.0, 33.19999999999999)
35 (271.7, 4.0, 31.69999999999999)
46 (115.43333333333332, 1.0, 55.43333333333332)
46 (114.63333333333334, 1.0, 54.63333333333334)
64 (507.0333333333333, 8.0, 27.033333333333303)
64 (506.06666666666666, 8.0, 26.066666666666663)
68 (155.06666666666666, 2.0, 35.06666666666666)
68 (155.06666666666666, 2.0, 35.06666666666666)
82 (83.46666666666665, 1.0, 23.466666666666654)
82 (82.46666666666667, 1.0, 22.46666666666667)
